epoch	test
子	80.64516129032258	100.0	89.28571428571428
讨伐	90.0	100.0	94.73684210526316
杀	93.75	83.33333333333334	88.23529411764706
去往	91.30434782608695	87.5	89.36170212765957
同名于	81.81818181818183	96.42857142857143	88.52459016393442
名	100.0	77.77777777777779	87.50000000000001
升迁	0.0	0	0
出生地	0.0	0	0
弟	18.181818181818183	22.22222222222222	20.0
隶属于	100.0	79.3103448275862	88.46153846153845
兄	11.11111111111111	8.333333333333332	9.523809523809526
管理	81.81818181818183	75.0	78.26086956521738
属于	100.0	100.0	100.0
号	83.33333333333334	75.0	78.94736842105262
作战	100.0	100.0	100.0
作	100.0	100.0	100.0
字	0.0	0	0
位于	77.77777777777779	82.35294117647058	80.0
任职	98.14814814814815	98.14814814814815	98.14814814814815
p	68.83621375289273
r	67.65298274986542
f	67.94662510105182
acc	88.27751196172248

epoch	test
杀	93.75	83.33333333333334	88.23529411764706
号	83.33333333333334	75.0	78.94736842105262
子	80.64516129032258	100.0	89.28571428571428
作战	100.0	100.0	100.0
管理	81.81818181818183	75.0	78.26086956521738
去往	91.30434782608695	87.5	89.36170212765957
讨伐	90.0	100.0	94.73684210526316
隶属于	100.0	79.3103448275862	88.46153846153845
位于	77.77777777777779	82.35294117647058	80.0
弟	18.181818181818183	22.22222222222222	20.0
同名于	81.81818181818183	96.42857142857143	88.52459016393442
任职	98.14814814814815	98.14814814814815	98.14814814814815
作	100.0	100.0	100.0
属于	100.0	100.0	100.0
名	100.0	77.77777777777779	87.50000000000001
兄	11.11111111111111	8.333333333333332	9.523809523809526
p	81.7430038315601
r	80.3379170154652
f	0.8103437004300873
acc	88.27751196172248

